3.45	643	589
2.78	558	512
2.52	583	503
3.67	685	602
3.24	592	538
2.1	562	486
2.82	573	548
2.36	559	536
2.42	552	583
3.51	617	591
3.48	684	649
2.14	568	592
2.59	604	582
3.46	619	624
3.51	642	619
3.68	683	642
3.91	703	684
3.72	712	652
2.15	564	501
2.48	557	549
3.09	591	584
2.71	599	562
2.46	607	619
3.32	619	558
3.61	700	721
3.82	718	732
2.64	580	538
2.19	562	507
3.34	683	648
3.48	717	724
3.56	701	714
3.81	691	684
3.92	714	706
4	689	673
2.52	554	507
2.71	564	543
3.15	668	604
3.22	691	662
2.29	573	591
2.03	568	517
3.14	607	624
3.52	651	683
2.91	604	583
2.83	560	542
2.65	604	617
2.41	574	548
2.54	564	500
2.66	607	528
3.21	619	573
3.34	647	608
3.68	651	683
2.84	571	543
2.74	583	510
2.71	554	538
2.24	568	519
2.48	574	602
3.14	605	619
2.83	591	584
3.44	642	608
2.89	608	573
2.67	574	538
3.24	643	607
3.29	608	649
3.87	709	688
3.94	691	645
3.42	667	583
3.52	656	609
2.24	554	542
3.29	692	563
3.41	684	672
3.56	717	649
3.61	712	708
3.28	641	608
3.21	675	632
3.48	692	698
3.62	684	609
2.92	564	591
2.81	554	509
3.11	685	694
3.28	671	609
2.7	571	503
2.62	582	591
3.72	621	589
3.42	651	642
3.51	673	681
3.28	651	640
3.42	672	607
3.9	591	587
3.12	582	612
2.83	609	555
2.09	554	480
3.17	612	590
3.28	628	580
3.02	567	602
3.42	619	623
3.06	691	683
2.76	564	549
3.19	650	684
2.23	551	554
2.48	568	541
3.76	605	590
3.49	692	683
3.07	680	692
2.19	617	503
3.46	516	528