3.76
2.87
2.54
3.83
3.29
2.64
2.86
2.03
2.81
3.41
3.61
2.48
3.21
3.52
3.41
3.52
3.84
3.64
2.14
2.21
3.17
3.01
3.17
3.01
3.72
3.78
2.51
2.1
3.21
3.68
3.48
3.71
3.81
3.84
2.09
2.17
2.98
3.28
2.74
2.19
3.28
3.68
3.17
3.17
3.31
3.07
2.38
2.94
2.84
3.17
3.72
2.17
2.42
2.49
3.38
2.07
3.22
2.71
3.31
3.28
3.19
3.24
3.53
3.72
3.98
3.09
3.42
2.07
3.17
3.51
3.49
3.51
3.4
3.38
3.54
3.48
3.09
3.14
3.28
3.41
3.02
2.97
4
3.34
3.28
3.32
3.51
3.68
3.07
2.78
3.68
3.3
3.34
3.17
3.07
3.19
2.15
3.11
2.17
2.14
3.74
3.27
3.19
2.98
3.28